/home/pal/Documents/Framework/GenerativeMutualShapingRL/statistical_analysis/avg_assistance_therapist.txt
1.4210526315789473
1.2941176470588236
1.0
1.1875
1.3888888888888888
1.2
1.0
1.2941176470588236
1.2666666666666666
0.5
0.5
0.6363636363636364
0.4444444444444444
0.375
0.5
1.0
1.1333333333333333
0.9166666666666666
1.0
0.7
0.75
1.1428571428571428
1.2941176470588236
1.2941176470588236
0.875
0.7142857142857143
0.4444444444444444
0.2857142857142857
0.16666666666666666
0.2857142857142857
0.16666666666666666
0.5555555555555556
0.5
1.2941176470588236
1.2941176470588236
0.7272727272727273
1.2941176470588236
1.0
0.0
0.375
0.7272727272727273
0.9090909090909091
1.0714285714285714
0.8
0.6363636363636364
1.1333333333333333
1.3888888888888888
0.4444444444444444
0.2857142857142857
0.16666666666666666
0.7777777777777778
0.75
0.7777777777777778
0.6
0.9090909090909091
1.1428571428571428
0.42857142857142855
0.9090909090909091
0.9166666666666666
0.9
1.0714285714285714
1.1538461538461537
0.4444444444444444
0.9285714285714286
1.5
1.4210526315789473
1.5
1.4210526315789473
0.5
0.25
1.1428571428571428
0.8181818181818182
0.7142857142857143
0
0.6363636363636364
1.0
0.9166666666666666
1.0
0.6
0.875
1.0
0
0.8
1.0
0
0.8
0.16666666666666666
0.6666666666666666
0.16666666666666666
0.6666666666666666
0.3333333333333333
0.8333333333333334
0.4444444444444444
0.9166666666666666
0.5
0.375
0.6363636363636364
0.8
1.0
0.9090909090909091
0.3333333333333333
0.6666666666666666
0.42857142857142855
0.5
1.1111111111111112
0.0
0.42857142857142855
0
0.16666666666666666
0.6
0.2857142857142857
0.5555555555555556
0.2857142857142857
0.16666666666666666
0.9
1.3125
0.375
0.375
1.1333333333333333
1.0
1.0
1.0833333333333333
1.2666666666666666
1.3333333333333333
