/home/pal/Documents/Framework/GenerativeMutualShapingRL/statistical_analysis/avg_assistance_robot.txt
2.0
1.9090909090909092
1.2857142857142858
1.2857142857142858
1.5
1.2857142857142858
1.1666666666666667
1.0
1.0
1.0
1.7777777777777777
1.1666666666666667
1.75
2.1538461538461537
2.3125
2.3125
1.5555555555555556
2.1875
2.3333333333333335
2.0
1.1666666666666667
1.5
2.0833333333333335
2.125
1.5
1.1666666666666667
1.1666666666666667
1.5555555555555556
1.375
1.5
1.2857142857142858
1.4285714285714286
1.2857142857142858
1.1666666666666667
1.1666666666666667
1.75
1.1666666666666667
1.375
1.9090909090909092
1.8181818181818181
2.3125
2.25
2.1333333333333333
1.375
1.5
1.0
2.076923076923077
1.2857142857142858
1.9090909090909092
1.4285714285714286
1.9
1.7
1.0
1.1666666666666667
2.2
1.0
2.4210526315789473
1.7
1.8461538461538463
2.0
2.066666666666667
1.7777777777777777
1.2857142857142858
2.090909090909091
2.0833333333333335
1.75
1.8
2.3125
2.1666666666666665
1.8
2.0
1.7777777777777777
1.0
1.0
1.4285714285714286
1.2857142857142858
1.1666666666666667
1.5
1.0
1.0
1.2857142857142858
1.4285714285714286
1.5
1.2857142857142858
1.75
1.1666666666666667
1.0
1.2857142857142858
1.7777777777777777
1.0
1.2857142857142858
1.5555555555555556
2.0833333333333335
1.1666666666666667
1.375
2.0
1.6
1.2857142857142858
1.9166666666666667
0
1.9
1.0
1.7777777777777777
1.9090909090909092
1.2857142857142858
1.2857142857142858
2.0
1.7777777777777777
1.0
1.0
1.5
1.9
1.0
1.2857142857142858
2.0
1.0
1.0
1.6666666666666667
1.1666666666666667
1.7
1.5
2.066666666666667
2.25
2.0
2.1875
2.388888888888889
2.4210526315789473
1.8181818181818181
2.3636363636363638
2.25
2.3333333333333335
